# Persson 정품 실접촉 면적 A/A0 (선형, 비선형 f,g 보정 미적용)
# Column 1: log10(v) [m/s]
# Column 2: A/A0 (접촉 면적 비율)
-5.17E+00	1.08E-02
-5.14E+00	1.07E-02
-5.12E+00	1.07E-02
-5.09E+00	1.06E-02
-5.06E+00	1.06E-02
-5.04E+00	1.06E-02
-5.01E+00	1.05E-02
-4.98E+00	1.05E-02
-4.95E+00	1.04E-02
-4.93E+00	1.04E-02
-4.90E+00	1.04E-02
-4.87E+00	1.03E-02
-4.84E+00	1.03E-02
-4.82E+00	1.02E-02
-4.79E+00	1.02E-02
-4.76E+00	1.02E-02
-4.73E+00	1.01E-02
-4.71E+00	1.01E-02
-4.68E+00	1.01E-02
-4.65E+00	1.00E-02
-4.63E+00	9.98E-03
-4.60E+00	9.94E-03
-4.57E+00	9.90E-03
-4.54E+00	9.85E-03
-4.52E+00	9.82E-03
-4.49E+00	9.78E-03
-4.46E+00	9.75E-03
-4.43E+00	9.71E-03
-4.41E+00	9.68E-03
-4.38E+00	9.64E-03
-4.35E+00	9.61E-03
-4.32E+00	9.58E-03
-4.30E+00	9.54E-03
-4.27E+00	9.51E-03
-4.24E+00	9.48E-03
-4.22E+00	9.44E-03
-4.19E+00	9.41E-03
-4.16E+00	9.37E-03
-4.13E+00	9.33E-03
-4.11E+00	9.30E-03
-4.08E+00	9.26E-03
-4.05E+00	9.22E-03
-4.02E+00	9.18E-03
-4.00E+00	9.14E-03
-3.97E+00	9.11E-03
-3.94E+00	9.07E-03
-3.91E+00	9.03E-03
-3.89E+00	8.99E-03
-3.86E+00	8.96E-03
-3.83E+00	8.92E-03
-3.81E+00	8.89E-03
-3.78E+00	8.85E-03
-3.75E+00	8.82E-03
-3.72E+00	8.78E-03
-3.70E+00	8.75E-03
-3.67E+00	8.71E-03
-3.64E+00	8.67E-03
-3.61E+00	8.63E-03
-3.59E+00	8.59E-03
-3.56E+00	8.55E-03
-3.53E+00	8.51E-03
-3.50E+00	8.47E-03
-3.48E+00	8.44E-03
-3.45E+00	8.40E-03
-3.42E+00	8.37E-03
-3.40E+00	8.33E-03
-3.37E+00	8.29E-03
-3.34E+00	8.26E-03
-3.31E+00	8.22E-03
-3.29E+00	8.19E-03
-3.26E+00	8.15E-03
-3.23E+00	8.11E-03
-3.20E+00	8.08E-03
-3.18E+00	8.04E-03
-3.15E+00	8.00E-03
-3.12E+00	7.97E-03
-3.09E+00	7.93E-03
-3.07E+00	7.88E-03
-3.04E+00	7.84E-03
-3.01E+00	7.80E-03
-2.99E+00	7.75E-03
-2.96E+00	7.71E-03
-2.93E+00	7.67E-03
-2.90E+00	7.62E-03
-2.88E+00	7.58E-03
-2.85E+00	7.54E-03
-2.82E+00	7.49E-03
-2.79E+00	7.45E-03
-2.77E+00	7.41E-03
-2.74E+00	7.37E-03
-2.71E+00	7.33E-03
-2.68E+00	7.29E-03
-2.66E+00	7.25E-03
-2.63E+00	7.22E-03
-2.60E+00	7.18E-03
-2.58E+00	7.14E-03
-2.55E+00	7.10E-03
-2.52E+00	7.06E-03
-2.49E+00	7.02E-03
-2.47E+00	6.98E-03
-2.44E+00	6.94E-03
-2.41E+00	6.90E-03
-2.38E+00	6.86E-03
-2.36E+00	6.82E-03
-2.33E+00	6.78E-03
-2.30E+00	6.73E-03
-2.27E+00	6.69E-03
-2.25E+00	6.65E-03
-2.22E+00	6.60E-03
-2.19E+00	6.56E-03
-2.17E+00	6.51E-03
-2.14E+00	6.47E-03
-2.11E+00	6.42E-03
-2.08E+00	6.38E-03
-2.06E+00	6.34E-03
-2.03E+00	6.30E-03
-2.00E+00	6.25E-03
-1.97E+00	6.21E-03
-1.95E+00	6.17E-03
-1.92E+00	6.12E-03
-1.89E+00	6.08E-03
-1.87E+00	6.03E-03
-1.84E+00	5.99E-03
-1.81E+00	5.95E-03
-1.78E+00	5.90E-03
-1.76E+00	5.86E-03
-1.73E+00	5.82E-03
-1.70E+00	5.78E-03
-1.67E+00	5.74E-03
-1.65E+00	5.71E-03
-1.62E+00	5.67E-03
-1.59E+00	5.63E-03
-1.56E+00	5.58E-03
-1.54E+00	5.54E-03
-1.51E+00	5.50E-03
-1.48E+00	5.46E-03
-1.46E+00	5.42E-03
-1.43E+00	5.37E-03
-1.40E+00	5.33E-03
-1.37E+00	5.28E-03
-1.35E+00	5.24E-03
-1.32E+00	5.20E-03
-1.29E+00	5.15E-03
-1.26E+00	5.11E-03
-1.24E+00	5.07E-03
-1.21E+00	5.03E-03
-1.18E+00	4.98E-03
-1.15E+00	4.94E-03
-1.13E+00	4.89E-03
-1.10E+00	4.84E-03
-1.07E+00	4.79E-03
-1.05E+00	4.74E-03
-1.02E+00	4.69E-03
-9.90E-01	4.64E-03
-9.63E-01	4.59E-03
-9.35E-01	4.54E-03
-9.08E-01	4.50E-03
-8.81E-01	4.46E-03
-8.53E-01	4.41E-03
-8.26E-01	4.36E-03
-7.99E-01	4.32E-03
-7.71E-01	4.27E-03
-7.44E-01	4.22E-03
-7.17E-01	4.18E-03
-6.89E-01	4.13E-03
-6.62E-01	4.09E-03
-6.35E-01	4.04E-03
-6.07E-01	4.00E-03
-5.80E-01	3.95E-03
-5.53E-01	3.91E-03
-5.25E-01	3.86E-03
-4.98E-01	3.82E-03
-4.71E-01	3.77E-03
-4.44E-01	3.73E-03
-4.16E-01	3.68E-03
-3.89E-01	3.63E-03
-3.62E-01	3.59E-03
-3.34E-01	3.54E-03
-3.07E-01	3.49E-03
-2.80E-01	3.44E-03
-2.52E-01	3.39E-03
-2.25E-01	3.34E-03
-1.98E-01	3.30E-03
-1.70E-01	3.25E-03
-1.43E-01	3.20E-03
-1.16E-01	3.16E-03
-8.82E-02	3.11E-03
-6.09E-02	3.07E-03
-3.35E-02	3.02E-03
-6.19E-03	2.97E-03
2.11E-02	2.92E-03
4.85E-02	2.87E-03
7.58E-02	2.82E-03
1.03E-01	2.77E-03
1.31E-01	2.72E-03
1.58E-01	2.67E-03
1.85E-01	2.63E-03
2.12E-01	2.58E-03
2.40E-01	2.54E-03
2.67E-01	2.50E-03
2.94E-01	2.46E-03
3.22E-01	2.41E-03
3.49E-01	2.37E-03
3.76E-01	2.33E-03
4.04E-01	2.29E-03
4.31E-01	2.24E-03
4.58E-01	2.20E-03
4.86E-01	2.16E-03
5.13E-01	2.12E-03
5.40E-01	2.08E-03
5.68E-01	2.04E-03
5.95E-01	2.00E-03
6.22E-01	1.96E-03
6.50E-01	1.92E-03
6.77E-01	1.88E-03
7.04E-01	1.84E-03
7.32E-01	1.80E-03
7.59E-01	1.76E-03
7.86E-01	1.73E-03
8.14E-01	1.69E-03
8.41E-01	1.65E-03
8.68E-01	1.61E-03
8.96E-01	1.57E-03
9.23E-01	1.54E-03
9.50E-01	1.50E-03
9.78E-01	1.46E-03
1.01E+00	1.43E-03
1.03E+00	1.40E-03
1.06E+00	1.36E-03
1.09E+00	1.33E-03
1.11E+00	1.30E-03
1.14E+00	1.26E-03
1.17E+00	1.23E-03
1.20E+00	1.20E-03
1.22E+00	1.16E-03
1.25E+00	1.13E-03
1.28E+00	1.10E-03
1.31E+00	1.07E-03
1.33E+00	1.04E-03
1.36E+00	1.01E-03
1.39E+00	9.87E-04
1.42E+00	9.61E-04
1.44E+00	9.36E-04
1.47E+00	9.11E-04
1.50E+00	8.88E-04
1.52E+00	8.64E-04
1.55E+00	8.42E-04
1.58E+00	8.20E-04
1.61E+00	7.98E-04
1.63E+00	7.77E-04
1.66E+00	7.56E-04
1.69E+00	7.35E-04
1.72E+00	7.15E-04
1.74E+00	6.95E-04
1.77E+00	6.75E-04
1.80E+00	6.56E-04
1.83E+00	6.37E-04
1.85E+00	6.19E-04
1.88E+00	6.01E-04
1.91E+00	5.84E-04
1.93E+00	5.67E-04
1.96E+00	5.51E-04
1.99E+00	5.35E-04
2.02E+00	5.19E-04
2.04E+00	5.04E-04
2.07E+00	4.89E-04
2.10E+00	4.74E-04
2.13E+00	4.59E-04
2.15E+00	4.45E-04
2.18E+00	4.31E-04
2.21E+00	4.18E-04
2.24E+00	4.04E-04
2.26E+00	3.92E-04
2.29E+00	3.79E-04
2.32E+00	3.67E-04
2.34E+00	3.55E-04
2.37E+00	3.44E-04
2.40E+00	3.33E-04
2.43E+00	3.22E-04
2.45E+00	3.12E-04
2.48E+00	3.01E-04
2.51E+00	2.92E-04
2.54E+00	2.82E-04
2.56E+00	2.73E-04
2.59E+00	2.64E-04
2.62E+00	2.55E-04
2.65E+00	2.47E-04
2.67E+00	2.38E-04
2.70E+00	2.31E-04
2.73E+00	2.23E-04
2.75E+00	2.16E-04
2.78E+00	2.09E-04
2.81E+00	2.02E-04
2.84E+00	1.96E-04
2.86E+00	1.90E-04
2.89E+00	1.84E-04
2.92E+00	1.78E-04
2.95E+00	1.72E-04
2.97E+00	1.67E-04
3.00E+00	1.62E-04
